0 2 0
1 0 1
2 2 0
3 2 0
4 0 0
5 1 1
6 2 0
7 2 0
8 1 0
9 1 1
10 2 0
11 2 0
12 1 1
13 2 0
14 2 0
15 2 0
16 2 0
17 2 0
18 2 0
19 1 0
20 1 0
21 1 0
22 2 0
23 2 0
24 2 2
25 2 0
26 2 0
27 0 0
28 0 0
29 2 0
30 2 0
31 0 0
32 0 0
33 2 0
34 0 1
35 2 0
36 2 0
37 0 0
38 2 0
39 0 0
40 2 1
41 1 0
42 2 0
43 1 1
44 1 1
45 2 0
46 1 0
47 0 0
48 2 0
49 0 0
50 1 1
51 2 0
52 2 1
53 0 1
54 0 0
55 2 2
56 0 1
57 2 0
58 2 0
59 1 0
60 1 0
61 1 0
62 2 0
63 2 0
64 0 1
65 0 0
66 2 1
67 2 2
68 1 0
69 0 0
70 2 0
71 2 0
72 2 0
73 0 0
74 0 0
75 1 0
76 0 0
77 2 0
78 1 1
79 1 0
80 1 1
81 2 0
82 1 1
83 0 1
84 2 0
85 0 0
86 1 1
87 1 0
88 2 0
89 1 2
90 2 0
91 0 1
92 1 0
93 1 0
94 0 1
95 0 0
96 0 0
97 1 1
98 0 1
99 0 1
100 2 0
101 1 0
102 2 0
103 0 0
104 2 2
105 1 0
106 2 0
107 2 0
108 1 1
109 0 0
110 2 0
111 0 0
112 0 0
113 2 0
114 0 0
115 2 0
116 2 0
117 2 0
118 2 0
119 0 0
120 0 1
121 2 0
122 0 0
123 1 0
124 0 0
125 2 0
126 1 1
127 1 0
128 2 0
129 0 0
130 2 0
131 1 1
132 2 2
133 2 0
134 0 0
135 1 1
136 0 0
137 2 0
138 0 0
139 2 0
140 1 0
141 0 0
142 2 0
143 0 0
144 1 0
145 2 1
146 0 1
147 1 0
148 1 1
149 2 0
150 2 0
151 2 0
152 2 0
153 0 0
154 2 0
155 2 0
156 0 1
157 1 1
158 2 0
159 2 0
160 2 0
161 2 0
162 0 0
163 2 0
164 2 2
165 2 1
166 2 0
167 1 0
168 2 0
169 2 2
170 2 0
171 0 0
172 0 0
173 2 1
174 2 0
175 0 0
176 2 0
177 2 0
178 1 0
179 0 0
180 1 1
181 2 1
182 2 0
183 2 0
184 0 0
185 2 0
186 0 0
187 2 0
188 2 2
189 2 1
190 0 0
191 2 0
192 2 0
193 2 0
194 2 0
195 2 2
196 0 0
197 2 0
198 0 0
199 2 0
201 0 0
202 1 0
203 1 1
204 2 0
206 2 2
208 2 0
209 2 0
210 0 0
211 0 0
212 0 0
213 0 0
214 2 1
215 0 0
217 0 0
218 2 0
219 2 2
220 1 0
221 0 0
222 1 1
223 0 0
225 0 0
226 0 1
227 2 0
228 0 1
229 2 0
230 0 0
231 2 0
232 2 0
233 2 0
234 0 0
235 0 0
236 2 0
237 1 1
238 2 0
239 0 0
240 1 0
241 2 0
242 2 0
243 0 1
244 1 1
245 0 0
246 0 0
247 2 0
248 0 0
249 1 2
250 2 0
251 2 0
252 0 0
253 2 0
254 2 0
255 2 0
256 2 0
257 2 0
258 2 0
259 0 0
260 1 0
262 1 0
263 2 0
264 0 0
265 0 0
266 2 0
267 0 0
268 1 2
269 1 1
271 1 0
272 1 1
273 2 0
274 0 0
275 0 0
276 0 0
277 2 0
278 0 1
279 2 0
280 0 0
281 2 0
282 0 0
283 1 2
284 0 0
285 2 0
286 0 0
287 2 0
288 0 0
289 0 0
290 1 1
291 2 0
292 0 0
293 1 1
294 1 1
295 2 0
296 2 0
297 2 0
298 2 0
299 1 0
300 2 1
301 2 0
302 0 0
303 2 0
304 1 0
305 0 1
306 1 0
307 0 0
308 2 0
309 1 1
310 0 0
311 0 0
312 0 0
313 1 0
314 2 0
315 2 0
317 0 0
318 0 0
319 2 0
320 2 0
321 2 0
322 1 1
323 0 0
324 2 0
325 1 0
327 2 0
328 0 0
330 0 0
331 2 0
332 0 0
333 1 1
334 0 0
335 2 0
336 0 1
337 1 1
338 2 0
339 2 0
340 0 0
341 1 0
342 0 0
343 0 0
344 2 0
345 1 1
346 1 0
347 2 0
348 1 1
349 2 0
350 0 0
351 0 0
352 1 1
353 0 0
354 0 0
355 0 0
356 2 0
357 2 0
358 0 2
359 2 0
360 2 1
361 0 0
362 2 0
363 0 0
364 0 0
365 2 0
366 2 0
367 1 0
368 2 2
369 2 1
370 0 0
371 0 0
372 2 0
373 0 0
374 0 1
375 0 1
376 2 0
377 2 0
378 2 0
379 2 0
380 0 0
381 2 0
382 2 0
383 0 0
384 2 0
385 2 0
386 2 0
387 0 0
388 2 0
389 1 1
390 1 0
391 1 1
392 2 2
393 2 0
394 1 0
395 0 0
396 0 0
397 1 2
398 2 2
399 2 0
400 1 1
401 1 1
402 1 1
403 0 0
407 0 0
