0 0 0
1 1 0
2 2 2
3 2 0
4 2 0
5 2 2
6 2 1
7 2 0
8 1 0
9 2 0
10 2 0
11 0 0
12 0 0
13 2 0
14 2 0
15 2 0
16 2 1
17 0 0
18 2 2
19 1 1
20 2 2
21 2 1
22 2 0
23 1 0
24 2 0
25 0 0
26 2 0
27 0 0
28 2 0
29 2 0
30 1 1
31 2 0
32 0 0
33 1 1
34 1 0
35 0 0
36 1 0
37 0 0
38 2 0
39 2 0
40 2 0
41 2 0
42 1 0
43 2 2
44 2 0
45 0 0
46 2 0
47 2 2
48 2 0
49 1 1
50 1 0
51 1 1
52 1 0
53 1 0
54 1 1
55 0 0
56 2 1
57 0 0
58 2 2
59 2 0
60 1 0
61 2 2
62 2 0
63 1 1
64 0 0
65 0 0
66 2 0
67 0 0
68 1 1
69 2 0
70 1 0
71 2 0
72 2 0
73 1 0
74 2 0
75 0 0
76 2 2
77 2 0
78 1 0
79 2 0
80 2 0
81 1 1
82 2 2
83 2 0
84 1 2
85 2 2
86 2 2
87 1 1
88 2 0
89 2 0
90 1 0
91 1 0
92 0 0
93 0 0
94 0 0
95 0 0
96 2 0
97 2 0
98 0 0
99 2 0
100 2 0
101 0 0
102 0 0
103 1 0
104 1 0
105 2 0
106 1 0
107 1 0
108 2 0
109 0 0
110 0 0
111 2 0
112 0 0
113 0 1
114 0 1
115 0 0
116 2 0
117 1 1
118 1 1
119 1 0
120 1 0
121 2 0
122 2 2
123 2 0
124 0 0
125 0 1
126 1 0
127 0 0
128 0 0
129 2 0
130 2 2
131 1 0
132 1 0
133 0 0
134 0 0
135 1 2
136 1 1
137 1 1
138 1 1
139 1 0
140 0 0
141 1 1
142 2 0
143 2 0
144 2 0
145 0 0
146 2 0
147 1 1
148 0 0
149 1 1
150 1 0
151 2 0
152 1 1
153 2 1
154 2 0
155 2 0
156 1 0
157 0 0
158 1 1
159 0 0
160 1 1
161 0 1
162 2 0
163 1 1
164 2 0
165 2 0
166 1 0
167 0 2
168 1 1
169 2 2
170 2 0
171 2 0
172 2 0
173 2 0
174 0 0
175 1 0
176 2 0
177 0 0
178 1 0
179 2 0
180 1 0
181 0 0
182 1 1
183 0 0
184 2 2
185 1 0
186 2 0
187 0 0
188 0 0
189 2 0
190 0 0
191 0 1
192 2 0
193 1 1
194 2 0
195 1 0
196 2 0
197 0 0
198 1 1
199 2 0
200 2 0
201 0 1
202 1 2
203 0 0
204 0 0
205 0 0
206 1 0
207 1 1
208 1 0
209 2 0
210 2 0
211 0 0
212 1 0
213 2 0
214 2 0
215 2 0
216 0 0
217 0 0
218 2 0
219 0 0
220 0 0
221 0 0
222 0 0
223 2 0
224 1 1
225 2 0
226 2 0
227 1 1
228 1 0
229 1 0
230 1 1
231 2 0
232 2 0
233 2 0
234 1 0
235 2 0
236 0 0
237 2 0
238 0 0
239 0 0
240 0 0
241 2 0
242 2 1
244 1 0
245 2 0
246 1 2
247 0 0
248 2 0
249 1 1
250 0 0
251 2 0
252 0 0
253 2 0
254 2 0
255 0 0
256 1 0
257 2 0
258 1 0
259 1 1
260 1 1
261 1 1
262 0 0
263 0 1
264 1 1
265 1 0
266 2 1
267 2 0
268 2 2
269 0 0
270 1 1
271 0 0
272 1 1
273 1 0
274 2 0
275 2 0
276 0 0
277 0 0
278 2 0
279 2 0
280 0 0
281 0 0
282 2 0
283 0 0
284 0 0
285 2 0
286 1 0
287 1 0
288 1 1
289 0 0
290 0 0
291 1 0
292 0 0
293 1 0
294 1 1
295 2 0
296 1 0
297 0 0
298 2 0
299 1 0
300 2 1
301 1 2
302 1 0
303 1 1
304 2 0
305 1 0
306 1 0
307 1 2
308 1 0
309 0 0
310 1 0
311 2 0
312 1 0
313 1 2
314 0 0
315 0 0
316 1 1
317 1 0
318 2 1
319 1 0
320 2 0
321 0 0
322 0 0
323 2 0
324 0 0
325 0 0
326 2 0
327 2 0
328 1 0
329 0 0
330 2 0
331 1 0
332 1 0
333 2 0
334 0 0
335 2 0
336 2 0
337 0 0
338 0 0
339 0 0
340 0 0
341 2 0
342 2 0
343 2 0
344 2 0
345 2 2
346 1 0
347 0 0
348 2 0
349 0 0
350 1 0
351 0 0
352 0 0
354 2 0
355 2 0
356 2 0
357 2 0
358 0 0
359 2 0
360 0 0
361 2 0
362 2 0
363 2 0
364 0 0
365 2 0
366 2 0
367 1 1
368 0 1
369 0 0
370 0 0
371 2 0
372 1 0
373 0 0
374 2 0
375 0 0
376 2 0
377 0 0
378 2 0
379 1 1
380 1 0
381 2 0
382 1 0
383 2 0
384 2 2
385 0 0
386 1 0
387 2 0
388 1 0
389 1 2
390 1 0
391 1 0
392 2 0
393 2 1
394 2 0
395 1 0
396 1 1
397 1 0
398 0 0
399 2 0
400 2 0
401 0 0
402 1 1
403 0 0
404 2 2
405 0 0
406 1 0
407 0 0
408 0 0
409 0 0
410 1 0
411 2 0
412 1 0
413 2 0
414 1 0
415 0 0
416 0 0
417 0 0
418 0 0
419 2 0
420 2 0
421 0 0
422 1 1
423 1 0
424 0 0
425 2 0
426 0 0
427 2 0
428 1 1
429 0 0
430 0 0
431 0 0
432 1 0
433 0 0
434 1 0
435 0 0
436 0 0
437 0 0
438 2 0
439 1 0
440 1 2
441 0 0
442 1 2
443 1 1
446 2 1
447 1 1
448 1 0
449 1 1
