0 1 0
1 1 1
2 2 0
3 1 0
4 0 1
5 2 1
6 1 1
7 2 0
8 2 0
9 2 0
10 1 0
11 1 1
12 2 0
13 1 1
14 2 0
15 0 0
16 2 0
17 1 0
18 2 0
19 0 0
20 1 1
21 0 0
22 2 0
23 2 0
24 2 0
25 0 1
26 2 0
27 0 0
28 2 2
29 1 1
30 2 0
31 1 1
32 2 1
33 1 0
34 2 0
35 2 0
36 2 0
37 2 2
38 2 0
39 1 1
40 2 0
41 0 0
42 2 0
43 2 1
44 2 0
45 2 0
46 2 0
47 1 0
48 0 0
49 1 1
50 2 0
51 0 1
52 1 1
53 2 0
54 0 0
55 2 1
56 2 0
57 0 0
58 2 0
59 1 0
60 2 0
61 0 0
62 1 1
63 1 1
64 2 0
65 2 0
66 2 1
67 1 1
68 1 1
69 0 1
70 1 0
71 2 0
72 2 0
73 1 0
74 1 0
75 1 0
76 0 0
77 0 1
78 0 0
79 2 0
80 2 0
81 1 1
82 0 0
83 1 1
84 0 1
85 0 1
86 0 0
87 0 0
88 1 0
89 0 1
90 1 1
91 1 0
92 2 0
93 2 0
94 2 0
95 2 1
96 0 0
97 1 0
98 2 0
99 0 1
100 0 1
101 2 0
102 2 1
103 1 0
104 1 0
105 0 1
106 2 0
107 1 0
108 1 0
109 2 0
110 2 0
111 2 2
112 1 0
113 2 0
114 2 0
115 1 1
116 1 1
117 1 1
118 1 1
119 1 0
120 1 0
121 0 0
122 1 1
123 2 0
124 0 1
125 0 1
126 0 0
127 0 1
128 0 1
129 0 0
130 0 0
131 0 1
132 1 1
133 0 0
134 1 1
135 2 0
136 2 1
137 1 0
138 2 1
139 1 0
140 1 0
141 1 1
142 0 0
143 2 0
144 1 1
145 1 0
146 2 0
147 2 0
148 1 1
149 0 1
150 0 1
151 2 0
152 0 0
153 0 1
154 0 1
155 0 1
156 0 1
157 0 0
158 1 1
159 1 0
160 1 1
161 2 0
162 2 0
163 1 0
164 2 0
165 2 0
166 1 0
167 2 0
168 2 0
169 2 0
170 0 0
171 0 0
172 0 0
173 2 1
174 1 1
175 0 0
176 1 0
177 0 0
178 0 0
179 1 1
180 2 0
181 0 1
182 0 0
183 2 0
184 0 1
185 2 0
186 2 0
187 1 0
188 0 0
189 2 0
190 2 0
191 1 0
192 1 0
193 1 1
194 0 2
195 0 0
196 0 1
197 2 0
198 2 0
199 0 0
200 0 0
201 0 0
202 0 0
203 2 0
204 0 0
205 2 0
206 0 1
207 2 0
208 2 0
209 0 0
211 0 0
212 0 0
213 1 0
214 1 1
215 2 0
216 2 0
217 0 0
218 2 0
219 2 0
220 1 0
221 2 0
222 2 0
223 1 1
224 2 0
225 1 1
226 1 0
227 1 1
228 0 0
229 0 0
230 1 1
231 0 0
232 0 0
233 1 1
234 0 0
235 2 0
236 0 0
237 1 0
238 2 0
239 0 1
240 1 0
241 0 0
242 0 0
243 2 1
244 2 0
245 2 1
246 0 0
247 2 0
248 2 0
249 1 0
250 2 1
251 0 0
252 1 0
253 1 0
254 0 0
255 0 0
256 2 0
259 0 0
260 2 0
261 2 0
262 1 2
263 0 0
264 0 0
266 2 0
267 1 1
268 2 0
269 2 0
270 1 0
271 1 0
272 0 0
273 1 0
274 2 2
275 1 0
276 0 0
277 0 0
278 2 2
279 1 1
280 1 2
281 1 0
282 0 0
283 2 1
284 0 0
285 1 0
286 1 0
287 1 1
288 0 1
289 1 0
290 1 1
291 1 1
292 0 2
293 0 0
294 1 0
295 1 1
296 2 0
297 0 0
298 0 0
299 2 0
300 1 0
301 0 2
302 1 0
303 0 0
304 0 0
305 2 0
306 1 0
307 1 1
308 0 0
309 0 0
310 1 1
311 0 0
312 0 0
313 1 0
314 2 0
315 1 1
316 0 0
317 0 0
318 0 0
319 1 0
320 0 0
321 2 0
322 1 0
323 0 0
324 1 1
325 1 0
326 1 0
327 1 1
328 2 0
329 0 0
330 2 0
331 1 0
332 0 1
333 0 0
334 0 0
335 1 1
336 1 1
337 2 0
338 1 0
339 2 0
340 2 0
341 1 1
342 2 0
343 0 0
344 1 0
345 0 2
346 2 0
347 0 1
348 0 0
349 1 1
350 0 0
351 1 2
352 1 0
353 1 0
354 1 1
355 1 1
356 0 0
357 2 0
358 0 0
359 1 0
360 2 0
361 0 0
362 1 0
363 0 0
364 0 0
365 1 1
366 1 1
367 0 0
368 1 1
369 0 0
370 0 0
371 0 0
372 2 0
373 1 0
374 0 0
375 0 1
376 1 0
377 1 0
378 2 0
379 0 0
380 2 0
381 0 0
382 2 0
383 0 0
384 2 0
385 0 0
386 1 0
387 1 1
388 2 1
389 0 0
390 0 0
391 2 0
392 2 0
393 2 0
394 2 0
395 0 0
396 1 1
397 0 0
398 1 0
399 1 1
400 1 0
401 2 0
402 1 1
403 0 0
404 0 0
405 0 0
406 0 0
407 1 0
408 1 1
409 1 1
410 1 1
411 1 0
412 2 0
413 0 0
414 2 0
415 2 0
417 2 0
418 2 0
419 1 1
420 2 0
421 0 0
422 1 1
423 1 1
424 2 0
425 1 2
426 2 2
429 2 1
